2.9655172413793105 167.0 3974862 29 820.5068493150685 4504 5840
0.0 63.0 63 1 0.0 4504 17520
43.0 6.0 476078 2 390.375 4505 5840
0.0 6.0 151 2 0.0 4505 17520
36.5 7.0 472507 2 160.42857142857142 4506 5840
0.0 138.0 138 1 0.0 4506 16470
34.5 7.0 469596 2 137.0 4507 5840
0.0 1978.0 1978 1 0.0 4507 16630
35.0 6.0 468629 2 105.57142857142856 4508 5840
0.0 87883349.0 87883349 2 0.0 3389 -1
0.0 0.0 0 2 0.0 443 -1
38.0 348.0 348 1 100.5 52683 -1
76.0 12956.0 12956 1 155.0 54030 -1
51.0 819.0 819 1 90.5 50496 -1
0.0 50.0 50 1 0.0 80 255
15.333333333333336 145.0 306 3 15.333333333333336 54599 -1
45.0 362.0 362 1 75.5 61087 -1
47.0 303.0 303 1 78.5 61580 -1
0.0 54.0 54 2 0.0 49393 -1
